{"L": 20, "t": [-5.474153759560163, 0.1506821717512715, -0.01689709050569242, -0.0289143482978823, 0.05561704331299032, 0.05545502030332836, 0.006722916325648671, 0.1414223375713382, 0.135424307110534, -0.07138164389556788, -0.07013197754225287, 0.02430222209244495, 0.01687682684721762, -0.01245767071683217, -0.01077091199137552, 0.01083934844601753, -0.001435329279312576, -0.02836180481138793, 0.01040069700382428, 0.00192267734694169, 0.1506821717512715, -5.501537381779689, 0.04157448073174287, 0.01259297355634135, -0.04456624096320129, -0.0633152222559908, -0.003749243459616766, -0.1368077585572897, -0.1396775090096567, -0.07079962777665018, -0.07073207858465042, -0.01210359538162128, -0.01608834067080675, 0.02105337416243458, -0.01562928539532964, 0.001985960330485844, 0.0263358515752234, -0.002470814450498861, -0.001843935224884557, -0.01044535507581053, -0.01689709050569242, 0.04157448073174287, -9.400283114636512, 0.01954175017702314, 0.001968836848671339, -0.01377911605701459, 0.006384210518247113, -0.07035112627938514, 0.06033741504497117, -0.006110238557550956, 0.02661505359455216, 0.01039446974070664, 0.01567435324431877, -0.002729403852644674, 0.02868530103695891, 0.03216359471769593, -0.01210327303899419, -0.04060579349532668, -0.001276851992344463, 0.02789639990949791, -0.0289143482978823, 0.01259297355634135, 0.01954175017702314, -9.4015166619419, -0.005217381181836063, 0.004522486988089144, 0.01002550471312872, 0.07441832120785177, -0.08468903141622702, -0.02557841094481287, 0.007498408987120982, 0.02609406505425353, 0.01386365230421761, -0.01053495130924983, 0.03334153374553697, 0.03556887214416633, -0.04049226532255015, -0.01002795077920651, 0.02663696345107945, 0.001527420952445358, 0.05561704331299032, -0.04456624096320129, 0.001968836848671339, -0.005217381181836063, -8.973492259548884, 0.2055254819150265, -0.04015240584649436, -0.007648611248273509, 0.2677204308009147, -0.0130691077691325, -0.006568513282650359, -0.0898892293633581, -0.05762762048078349, 0.01633734792480331, -0.07811124259425514, 0.03015995740292966, -0.04569206473569935, -0.03770928158551101, 0.01420162138888166, -0.006792829603856262, 0.05545502030332836, -0.0633152222559908, -0.01377911605701459, 0.004522486988089144, 0.2055254819150265, -9.011596867097193, -0.03612031039643483, 0.264644174243811, -0.01496953791673344, 0.01298481379722863, 0.01094253006386558, -0.05701036788793791, -0.08534178324984718, 0.0130195195221291, 0.07877115233015121, -0.05202237796645936, -0.02226778835443525, -0.02006512953539559, -0.006470730785568447, 0.01421888843228132, 0.006722916325648671, -0.003749243459616766, 0.006384210518247113, 0.01002550471312872, -0.04015240584649436, -0.03612031039643483, -9.480217772508448, 0.0704430182488578, 0.05396832106234381, 0.000617179304689873, -0.001402068883769759, -0.06303675296384667, -0.06344023302050077, 0.08345716399210423, -0.00389570934995143, -0.01942446570123017, -0.01150973834260197, -0.001584260980491198, 0.01972240628098729, 0.01350810427365312, 0.1414223375713382, -0.1368077585572897, -0.07035112627938514, 0.07441832120785177, -0.007648611248273509, 0.264644174243811, 0.0704430182488578, -7.060958531032443, -0.2019546388259842, 0.009122064007646778, -0.00684922531307585, 0.2982159298529889, 0.1318048689761379, 0.06508757180892877, -0.02344894919815036, -0.1010495021407912, -0.0132587895838219, -0.01449918633853814, 0.01688992568318277, 0.01753396036042481, 0.135424307110534, -0.1396775090096567, 0.06033741504497117, -0.08468903141622702, 0.2677204308009147, -0.01496953791673344, 0.05396832106234381, -0.2019546388259842, -7.046267042732795, 0.00612988486089449, -0.01162124335391837, 0.130954666226095, 0.2990480266934258, 0.06254822700350629, -0.06211036188568962, -0.08352187291723868, -0.02570730040380695, -0.009622110296514056, 0.01119633976281873, 0.02526881007394391, -0.07138164389556788, -0.07079962777665018, -0.006110238557550956, -0.02557841094481287, -0.0130691077691325, 0.01298481379722863, 0.000617179304689873, 0.009122064007646778, 0.00612988486089449, -6.475990044505558, -0.0406397379628823, -0.01022422283754684, -0.00632130924802193, 0.002446436693138249, -0.009727964697730303, 0.008298725263317173, -0.007232402255779405, -0.0268327810740564, 0.07234197712033111, -0.07060047614303835, -0.07013197754225287, -0.07073207858465042, 0.02661505359455216, 0.007498408987120982, -0.006568513282650359, 0.01094253006386558, -0.001402068883769759, -0.00684922531307585, -0.01162124335391837, -0.0406397379628823, -6.464680069190085, 0.006100918789910108, 0.00830097562759178, -4.797630712435625e-05, -0.01658041810260227, 0.007550471187303077, 0.02519820751073181, 0.005980836349988685, 0.07015678167143662, -0.07066840803935379, 0.02430222209244495, -0.01210359538162128, 0.01039446974070664, 0.02609406505425353, -0.0898892293633581, -0.05701036788793791, -0.06303675296384667, 0.2982159298529889, 0.130954666226095, -0.01022422283754684, 0.006100918789910108, -7.057781272710016, -0.2017112905644597, -0.05781214674644111, 0.2580064493551427, 0.07609909546065842, 0.08806255876706107, -0.05814946487757165, 0.1394670950812736, 0.1350541392365032, 0.01687682684721762, -0.01608834067080675, 0.01567435324431877, 0.01386365230421761, -0.05762762048078349, -0.08534178324984718, -0.06344023302050077, 0.1318048689761379, 0.2990480266934258, -0.00632130924802193, 0.00830097562759178, -0.2017112905644597, -7.046556699978805, -0.06867174522552229, -0.09236691452480864, 0.2485128286099914, -0.07546574445746013, 0.06408087053346588, 0.1361191608527138, 0.1411074753564705, -0.01245767071683217, 0.02105337416243458, -0.002729403852644674, -0.01053495130924983, 0.01633734792480331, 0.0130195195221291, 0.08345716399210423, 0.06508757180892877, 0.06254822700350629, 0.002446436693138249, -4.797630712435625e-05, -0.05781214674644111, -0.06867174522552229, -9.47806393920017, 0.02205161272985309, 0.04996881532091008, 0.009752169160878128, 0.005337935309713455, -0.003670441033678362, -0.0052277795480139, -0.01077091199137552, -0.01562928539532964, 0.02868530103695891, 0.03334153374553697, -0.07811124259425514, 0.07877115233015121, -0.00389570934995143, -0.02344894919815036, -0.06211036188568962, -0.009727964697730303, -0.01658041810260227, 0.2580064493551427, -0.09236691452480864, 0.02205161272985309, -9.104613154538246, 0.1769434970901169, 0.007764002491717079, -0.001122935300531139, 0.02441420769268556, 0.03183832223605391, 0.01083934844601753, 0.001985960330485844, 0.03216359471769593, 0.03556887214416633, 0.03015995740292966, -0.05202237796645936, -0.01942446570123017, -0.1010495021407912, -0.08352187291723868, 0.008298725263317173, 0.007550471187303077, 0.07609909546065842, 0.2485128286099914, 0.04996881532091008, 0.1769434970901169, -8.870875295149443, -0.007479120578138076, 0.01132643069921282, 0.07956800175489863, 0.06984994254643564, -0.001435329279312576, 0.0263358515752234, -0.01210327303899419, -0.04049226532255015, -0.04569206473569935, -0.02226778835443525, -0.01150973834260197, -0.0132587895838219, -0.02570730040380695, -0.007232402255779405, 0.02519820751073181, 0.08806255876706107, -0.07546574445746013, 0.009752169160878128, 0.007764002491717079, -0.007479120578138076, -9.398513231281994, 0.01982405896150487, 0.009758170879748222, 0.02729966253476988, -0.02836180481138793, -0.002470814450498861, -0.04060579349532668, -0.01002795077920651, -0.03770928158551101, -0.02006512953539559, -0.001584260980491198, -0.01449918633853814, -0.009622110296514056, -0.0268327810740564, 0.005980836349988685, -0.05814946487757165, 0.06408087053346588, 0.005337935309713455, -0.001122935300531139, 0.01132643069921282, 0.01982405896150487, -9.399003234544905, 0.0444051198344559, 0.01670047889741843, 0.01040069700382428, -0.001843935224884557, -0.001276851992344463, 0.02663696345107945, 0.01420162138888166, -0.006470730785568447, 0.01972240628098729, 0.01688992568318277, 0.01119633976281873, 0.07234197712033111, 0.07015678167143662, 0.1394670950812736, 0.1361191608527138, -0.003670441033678362, 0.02441420769268556, 0.07956800175489863, 0.009758170879748222, 0.0444051198344559, -5.482805325631425, -0.1512804608692589, 0.00192267734694169, -0.01044535507581053, 0.02789639990949791, 0.001527420952445358, -0.006792829603856262, 0.01421888843228132, 0.01350810427365312, 0.01753396036042481, 0.02526881007394391, -0.07060047614303835, -0.07066840803935379, 0.1350541392365032, 0.1411074753564705, -0.0052277795480139, 0.03183832223605391, 0.06984994254643564, 0.02729966253476988, 0.01670047889741843, -0.1512804608692589, -5.477535747259372], "v": [0.4768367057084017, -0.001459817935645285, 0.01552432334966151, -0.01773115018647699, -0.01635555202156784, 0.0008570863015520951, 0.01370663652997234, -0.004453466100483148, -0.001340264274118097, 0.0008874721027249631, 0.0004141445440756561, -0.001311298859210381, -0.001254530114567595, 0.0004703449254934253, 0.0003240489849779842, 0.0005152281720653862, 0.0006615390890324479, 0.0001623309842617076, 0.0004044973372917085, 0.0004311530464971433, -0.001459817935645285, 0.001246068290457547, -0.0002138617642741839, 0.0005907995540445968, 3.399475708022726e-05, -0.0003930710223312097, -8.719590104372289e-05, 0.0006138714048908799, 0.0004796852447483518, -0.0002276983467615132, -0.0001395191962408738, 0.0001662549818565311, 0.0001299385971373466, 7.205007238271343e-05, -4.108053743411028e-05, -2.515539256647589e-05, -3.780571977895402e-05, -9.632250994803049e-05, 3.887360629386441e-05, 2.611189463547894e-05, 0.01552432334966151, -0.0002138617642741839, 0.003060056353094688, -0.00132000731354178, -0.001773195933538524, 0.0002942462912392184, 0.001492096083744974, -0.0001613239944360659, -0.0004812739164616708, -3.554935622772434e-05, 0.0002126917682221822, -9.440327068307258e-05, -0.0001146360798745887, 1.932644695328997e-05, -9.725265365007188e-05, 7.723202024762649e-05, 4.176787432947339e-05, 0.0001240098700024582, 1.72124471913236e-05, 1.098240172634091e-05, -0.01773115018647699, 0.0005907995540445968, -0.00132000731354178, 0.006198845000258993, 0.0009362569263405075, 0.0003981717978749217, -0.001954159547791108, 0.001364718993336305, -0.001291008138369403, -0.0003504419729740681, 0.0003642066788168506, 0.0003567068523803996, 2.871752751630758e-05, 1.630256442568751e-05, -0.0001702204440267351, -1.104569039633683e-05, -0.0001431137235994914, -3.433485769645207e-05, -2.388964474384664e-05, -3.449348252896158e-05, -0.01635555202156784, 3.399475708022726e-05, -0.001773195933538524, 0.0009362569263405075, 0.003151970375162794, 0.0003289362732441566, -0.001509140459891162, 0.0004390749849489042, 0.0006814469695229062, -0.0002091078144739971, -0.0002791880001208003, 2.659711768821794e-05, 3.827015395723118e-05, -5.376488375806857e-05, 0.0001016738007104695, -6.550712687352495e-05, -2.813948863772596e-05, -0.0001198541768670294, -2.116548668018804e-05, -1.355057153271914e-05, 0.0008570863015520951, -0.0003930710223312097, 0.0002942462912392184, 0.0003981717978749217, 0.0003289362732441566, 0.003264962659169349, -6.985099810897434e-05, 0.0009769673853073442, -0.0001150371683765921, -0.0002421780711644185, -0.0001263075306649581, -6.891678244541391e-05, -0.0002618872814062349, -6.343251298959702e-05, 0.0001256981249005499, -3.686768512077632e-05, -3.416488980676623e-05, -5.222466168336701e-05, -2.45141465399411e-05, -6.929894176939651e-07, 0.01370663652997234, -8.719590104372289e-05, 0.001492096083744974, -0.001954159547791108, -0.001509140459891162, -6.985099810897434e-05, 0.00268994540590619, -0.0004044539604372326, -1.80723335791782e-05, 0.0001648586202246315, 0.000109839939224818, -4.74968558113203e-05, 9.888774048233088e-06, 5.617002122897221e-05, 1.832319416224806e-05, 2.424721072740084e-05, 2.756950686855627e-05, 0.0001003165346671239, 1.463325547630049e-05, 4.362521900460664e-05, -0.004453466100483148, 0.0006138714048908799, -0.0001613239944360659, 0.001364718993336305, 0.0004390749849489042, 0.0009769673853073442, -0.0004044539604372326, 0.001805005493377577, 0.000389420283831993, -0.0007288827915876791, -0.000241757952841398, 0.0002658728649549726, 1.121540247856041e-05, 9.660567013414739e-06, -3.076089273725491e-05, -2.61683165505082e-05, -4.288825073117956e-05, -0.0001067142309223869, 2.935346725957658e-05, 2.161793088935498e-05, -0.001340264274118097, 0.0004796852447483518, -0.0004812739164616708, -0.001291008138369403, 0.0006814469695229062, -0.0001150371683765921, -1.80723335791782e-05, 0.000389420283831993, 0.001760178057273733, -0.000261562366840362, -0.0006545849394645741, 2.599581200033925e-05, 0.0001939923982657001, 1.120421012707244e-05, 4.970924408060581e-05, -3.498536084483558e-05, 2.412308806613161e-05, -0.0001112029741918961, 4.124217587069336e-05, 3.716574229643597e-05, 0.0008874721027249631, -0.0002276983467615132, -3.554935622772434e-05, -0.0003504419729740681, -0.0002091078144739971, -0.0002421780711644185, 0.0001648586202246315, -0.0007288827915876791, -0.000261562366840362, 0.0005204252844257431, 0.0001681382845643178, -0.0001428885984797116, -2.747383037883663e-05, 1.383055496313704e-06, 7.367483567996349e-05, -1.868059712645812e-05, -3.924069401367245e-06, 4.124623265991597e-05, -2.356872678621624e-05, -8.045924198815329e-06, 0.0004141445440756561, -0.0001395191962408738, 0.0002126917682221822, 0.0003642066788168506, -0.0002791880001208003, -0.0001263075306649581, 0.000109839939224818, -0.000241757952841398, -0.0006545849394645741, 0.0001681382845643178, 0.000419283307274401, -1.880752039767546e-05, -9.342212252436406e-05, 1.049428753284773e-05, 6.647404430852403e-06, 1.623803104419968e-06, -1.60872217810944e-05, 6.542363006141732e-05, -2.140306230438822e-05, -1.07106646286445e-05, -0.001311298859210381, 0.0001662549818565311, -9.440327068307258e-05, 0.0003567068523803996, 2.659711768821794e-05, -6.891678244541391e-05, -4.74968558113203e-05, 0.0002658728649549726, 2.599581200033925e-05, -0.0001428885984797116, -1.880752039767546e-05, 0.0001783052696753953, 4.454817971379287e-05, 2.148123250585201e-05, -2.322355513286115e-05, -9.152584571996729e-06, -1.218235710220454e-05, -1.329226115188603e-05, 1.029419360140523e-05, 9.015028581936306e-06, -0.001254530114567595, 0.0001299385971373466, -0.0001146360798745887, 2.871752751630758e-05, 3.827015395723118e-05, -0.0002618872814062349, 9.888774048233088e-06, 1.121540247856041e-05, 0.0001939923982657001, -2.747383037883663e-05, -9.342212252436406e-05, 4.454817971379287e-05, 0.0001613398071931803, 2.014809112769114e-05, -1.936349411442056e-05, -6.195000283380868e-06, -2.157869500988062e-06, -7.911476437837197e-06, 9.595195586140547e-06, 8.838932494079143e-06, 0.0004703449254934253, 7.205007238271343e-05, 1.932644695328997e-05, 1.630256442568751e-05, -5.376488375806857e-05, -6.343251298959702e-05, 5.617002122897221e-05, 9.660567013414739e-06, 1.120421012707244e-05, 1.383055496313704e-06, 1.049428753284773e-05, 2.148123250585201e-05, 2.014809112769114e-05, 4.559526192566109e-05, 3.469051898217517e-06, -1.681025573627125e-05, -1.563513670199561e-06, 1.690575526649531e-05, 2.370225923557031e-06, 1.154006665120116e-05, 0.0003240489849779842, -4.108053743411028e-05, -9.725265365007188e-05, -0.0001702204440267351, 0.0001016738007104695, 0.0001256981249005499, 1.832319416224806e-05, -3.076089273725491e-05, 4.970924408060581e-05, 7.367483567996349e-05, 6.647404430852403e-06, -2.322355513286115e-05, -1.936349411442056e-05, 3.469051898217517e-06, 9.427951596148656e-05, -3.743971534517488e-05, -9.19998835587031e-06, -1.997448356120192e-05, -8.73240708765199e-06, 8.163313023657385e-06, 0.0005152281720653862, -2.515539256647589e-05, 7.723202024762649e-05, -1.104569039633683e-05, -6.550712687352495e-05, -3.686768512077632e-05, 2.424721072740084e-05, -2.61683165505082e-05, -3.498536084483558e-05, -1.868059712645812e-05, 1.623803104419968e-06, -9.152584571996729e-06, -6.195000283380868e-06, -1.681025573627125e-05, -3.743971534517488e-05, 3.237787278201349e-05, 5.907059488234156e-06, 1.03436449365237e-05, 2.757807665099577e-06, -3.983188438913451e-06, 0.0006615390890324479, -3.780571977895402e-05, 4.176787432947339e-05, -0.0001431137235994914, -2.813948863772596e-05, -3.416488980676623e-05, 2.756950686855627e-05, -4.288825073117956e-05, 2.412308806613161e-05, -3.924069401367245e-06, -1.60872217810944e-05, -1.218235710220454e-05, -2.157869500988062e-06, -1.563513670199561e-06, -9.19998835587031e-06, 5.907059488234156e-06, 1.801520866796454e-05, 4.4358806431777e-06, 2.614715731966345e-06, -1.881234243739726e-06, 0.0001623309842617076, -9.632250994803049e-05, 0.0001240098700024582, -3.433485769645207e-05, -0.0001198541768670294, -5.222466168336701e-05, 0.0001003165346671239, -0.0001067142309223869, -0.0001112029741918961, 4.124623265991597e-05, 6.542363006141732e-05, -1.329226115188603e-05, -7.911476437837197e-06, 1.690575526649531e-05, -1.997448356120192e-05, 1.03436449365237e-05, 4.4358806431777e-06, 6.371246029784926e-05, -6.569469186081398e-06, 4.523057139023779e-06, 0.0004044973372917085, 3.887360629386441e-05, 1.72124471913236e-05, -2.388964474384664e-05, -2.116548668018804e-05, -2.45141465399411e-05, 1.463325547630049e-05, 2.935346725957658e-05, 4.124217587069336e-05, -2.356872678621624e-05, -2.140306230438822e-05, 1.029419360140523e-05, 9.595195586140547e-06, 2.370225923557031e-06, -8.73240708765199e-06, 2.757807665099577e-06, 2.614715731966345e-06, -6.569469186081398e-06, 7.473459405334848e-06, 1.88350425865111e-06, 0.0004311530464971433, 2.611189463547894e-05, 1.098240172634091e-05, -3.449348252896158e-05, -1.355057153271914e-05, -6.929894176939651e-07, 4.362521900460664e-05, 2.161793088935498e-05, 3.716574229643597e-05, -8.045924198815329e-06, -1.07106646286445e-05, 9.015028581936306e-06, 8.838932494079143e-06, 1.154006665120116e-05, 8.163313023657385e-06, -3.983188438913451e-06, -1.881234243739726e-06, 4.523057139023779e-06, 1.88350425865111e-06, 1.288375830362431e-05, -0.001459817935645285, 0.001246068290457547, -0.0002138617642741839, 0.0005907995540445968, 3.399475708022726e-05, -0.0003930710223312097, -8.719590104372289e-05, 0.0006138714048908799, 0.0004796852447483518, -0.0002276983467615132, -0.0001395191962408738, 0.0001662549818565311, 0.0001299385971373466, 7.205007238271343e-05, -4.108053743411028e-05, -2.515539256647589e-05, -3.780571977895402e-05, -9.632250994803049e-05, 3.887360629386441e-05, 2.611189463547894e-05, 0.1751565734649574, -0.001576656854900483, -0.001923542691727411, -0.0002475322046997576, 0.006142905551117823, 0.001169274118262753, -0.0005348966046734854, -0.004678215319324832, -0.002905302535808017, 0.001279170278937448, 0.0007908690249146006, -0.001940074555827981, -0.001571365075874818, -0.0006507521526680602, -0.0005853433677114264, 0.0008084618554056767, 0.0001031479530356657, 0.000333182536838004, -0.0002185586733160969, -0.0002789587374559101, 6.462025240040426e-05, -0.0006104049320622226, -0.0004491546215162079, -5.87068218625039e-05, -0.0001221392836987638, 0.000774742080620911, 0.0003682758111297278, 0.000228613227071172, -0.0001559114362083665, -0.0001805987369170003, -0.0001257834597800831, -3.20858146648581e-05, -9.536317989813869e-05, -6.309810476435026e-05, -0.0001037239315075097, 7.452326496077881e-05, 3.274098615551128e-06, 2.354846131365556e-06, -4.382631674916199e-06, -1.832327083158637e-05, 0.001940165229881445, 0.0001666555536210869, 0.0001051810374486181, -0.000587898909463656, -0.0002125659369769959, -0.0002659018581711399, 9.690889078400584e-05, -0.0001655573780489712, 0.0001331656457319347, 0.0001041451891367184, 7.15168857618356e-05, 1.407586221046024e-06, 2.591641178126149e-05, 1.162142101097335e-05, 4.842861698400037e-05, -2.108425173395669e-05, -3.619269350627857e-06, 3.089005622135277e-06, 2.780867571256415e-06, 8.559813576878358e-06, -0.001662948625247002, 0.000398072667915737, -0.0002475403403107496, 0.0007604120221886734, -0.0005541191428805995, 0.0002198607346720251, -0.000239311409148785, 0.0002502063316017731, -0.0002469228847197072, 1.550079291197688e-05, 7.860006903348589e-05, 2.745122986755911e-05, -1.831728678289985e-05, 1.484636116330838e-05, -3.842854606750728e-05, 4.815265585593202e-06, -3.273624931611465e-05, 3.578468913691702e-05, -8.177815488189219e-06, 8.338109089777701e-07, -0.006266741371982012, 7.462997398388288e-06, -0.0003057860884810721, -0.0001684139927517031, 0.0009446113889056191, -0.0006188703930507592, -0.0003557215581135705, -0.0002532693681104521, 0.0002686699184821517, 4.80058372456404e-05, -2.892844196360847e-05, -6.401336358615309e-05, -8.72953516064052e-06, -2.172512058230481e-05, 4.100508750087422e-05, -1.924737972385833e-05, 2.645680894886034e-07, -8.110492422147703e-06, -1.708898803054245e-05, -1.029131081929623e-05, 0.0004628199439725276, 0.0001244608131429993, 9.176014929377532e-05, 0.0003231190289333379, -0.0002965617954184907, -0.0003409100364468489, -0.0008826615971288873, -0.0002694230125125182, -0.0003061566791067286, 0.000117207784394761, 0.0001057496315333141, 4.605086430035334e-05, 4.223944404370442e-05, 6.137407751185068e-05, 3.36169677597015e-05, -4.537028471656092e-05, -9.788038984344543e-06, 2.762344591562123e-06, -2.271994557504808e-06, 1.340344686696489e-06, 0.002831704875732973, -0.0004550879449434848, 7.490528358901154e-05, -0.0002033605915843579, 0.0002410793422201574, -0.0002798010173018585, -0.0003468111570188323, -0.0005382358618323304, -7.443991773911756e-06, 0.0002290131782707596, 4.824784020244249e-05, -0.0001629188612380339, -4.98236458536062e-05, -4.366747552915541e-05, 4.141193279972423e-05, 7.93988684817616e-06, 2.21816200042083e-05, 2.673868053414236e-05, -1.141148587680322e-05, -8.15848501786631e-06, 0.00469939300606883, -0.0006120456126938584, -0.0001311691563778235, 0.0002466488078728914, -0.0002404734210541149, 0.0002438702514005104, -0.0002387706656660714, -9.405960431386196e-05, -0.0005748651827525463, 3.889645451851967e-05, 0.0001514499912248089, -7.471239320359921e-05, -0.0001854847896619968, -5.244355102093542e-05, -1.551096751858039e-05, 3.930681657103814e-05, 2.49555785179689e-05, 4.130166300546027e-05, -1.175839393140248e-05, -1.425203580090762e-05, 0.0007221775013121269, -0.0001210424148406415, -8.947333616068658e-05, 0.0001143407908643199, 4.083582266494309e-05, -8.921108418286653e-05, -0.0001040260901962523, -0.0001454874593684578, -4.256708626684652e-05, 0.0001243196142121536, 4.429250434353399e-05, -5.075168600638406e-05, -1.2283257638712e-05, -7.359633439067774e-06, 2.173983656661169e-05, -3.473228996858519e-06, -2.8316284410342e-06, 2.028468724076393e-05, -8.101424078991337e-06, 1.017975716337045e-06, 0.001208585734025461, -0.0002181086488597924, -0.0001109479501021782, 0.0001798512641498899, -3.960670497550703e-05, -1.799421321211881e-05, -0.0001098345072699828, -3.286308543415002e-05, -0.0002367887594231106, 4.44305652667703e-05, 0.0001199995461600572, -1.711405297626635e-05, -6.770641798074549e-05, -9.17336797980283e-06, 1.538399896708524e-05, 1.059507280745324e-06, 2.625430790729674e-07, 2.240420322123596e-05, -8.235453818380576e-06, -8.96271478248407e-07, 0.001622551445848156, -0.0001288071533056722, 3.471635233190111e-05, -0.0001098986751312498, -1.553674484872183e-05, -8.041392331945023e-06, 3.860147017179786e-05, -0.0001863895382846818, -5.09192185882822e-05, 6.744111883219856e-05, 8.652782342460959e-06, -8.509974574545078e-05, -8.720320828250962e-06, -5.163503130293432e-06, 3.133645054336342e-06, 8.383503322216954e-06, 6.687745374856466e-06, 1.948724848520434e-06, -2.913422244900345e-06, -4.303441832827409e-06, 0.001929581998739329, -0.0001598223375359734, 1.567120675797279e-05, -3.919307311695871e-05, -6.482821561574357e-05, 4.087108438108669e-05, 4.688111176400577e-05, -7.134036210770526e-05, -0.0001770653138884757, 1.315629713960107e-05, 5.004794940332163e-05, -1.13918666965421e-05, -9.191922529742207e-05, -5.987166385606495e-06, -3.355980331938033e-06, 1.219006120436084e-05, 7.197943880987998e-06, 6.77447995327192e-06, -2.987530532462348e-06, -4.549149216447093e-06, 0.0007053669859945109, -6.653409306224611e-05, 2.445827226331583e-05, -7.159402679034993e-05, -2.187299490723749e-05, 2.81770672918482e-05, 6.136163365625211e-05, -5.498216896443315e-05, -4.47874097147058e-05, 5.281866924977576e-06, 2.044826055508319e-06, -5.993844518867326e-06, -5.191080257094562e-06, -1.354190520713764e-05, -4.451551566422476e-06, 1.262163486307411e-05, 4.050258839618049e-06, 1.780535323093029e-06, -8.22444007106245e-08, -2.593958588264014e-06, -0.0009027917544797856, -2.313883890893222e-05, -4.128732768984131e-05, 0.0001168970871520994, -3.024672882454253e-05, 2.409950646525095e-05, -4.211482660730468e-05, 2.891268696170042e-05, -2.221261913006264e-05, 1.168428650049193e-05, 1.773086976678521e-05, 6.20682608475814e-06, 1.372768205926067e-07, 4.916835490245131e-06, -5.529905005158765e-06, -3.346745228516831e-06, -8.907086718806067e-06, 1.211035040640716e-05, -3.225384426819197e-06, 6.937287082277233e-07, -0.000102587739313484, 5.492934705528845e-05, 1.771040504408571e-05, -2.945819108586187e-05, 1.557186210999672e-05, -2.574960541942924e-05, -7.547590046044029e-06, 1.826995511452132e-05, 3.766438084208614e-05, -1.403034966177853e-05, -1.486015466511321e-05, 7.022278299475251e-06, 9.111381079869349e-06, 5.648057657863839e-06, 2.692785346453907e-06, -7.931363436960644e-06, 3.911160267242812e-06, -8.506604132398475e-06, 1.697856765433537e-06, 8.187898008697715e-07, -0.0006568313093479669, 9.535366067349456e-05, -7.482569408678536e-06, 4.507341242174058e-05, -9.326906364633406e-06, 4.284515904601357e-05, -1.241160367971596e-05, 5.453196744463886e-05, 2.487747078533166e-05, -2.027125606698791e-05, -1.623310909324985e-05, 1.127843444573986e-05, 4.044830979399053e-06, 5.284083474149948e-06, -1.427944263837295e-05, 2.687579078890667e-06, -5.103438469246032e-06, -7.1444066760681e-06, 3.355966346383379e-06, -2.79569447010757e-07, -0.0003032523427004788, 2.04468983874526e-05, -1.892942927726781e-05, 2.192711864652247e-05, -5.551909607355408e-06, -2.525596634531636e-05, -1.535424605359093e-05, 2.40759414301749e-05, 1.255407528006994e-05, 4.258798053179541e-06, 8.374850362091311e-06, 5.745458150352777e-06, 5.156045729310923e-06, 3.904102285942977e-06, 8.933448740631766e-06, -4.990669939607915e-06, -3.082708427027015e-06, 1.44483653891325e-06, -8.926690190274234e-07, 2.839601828792109e-06, 0.0002875423171383946, -2.679773042352467e-05, 1.016731458051059e-05, -1.717615983395324e-05, -1.49476074658855e-05, 2.76411216131184e-06, -6.679233574515645e-07, -1.202794195868124e-05, -9.05872180179535e-06, 5.93653820164838e-07, -1.071358837165241e-06, -3.427344085419618e-06, -3.989389064187781e-06, -2.18104586417613e-06, 2.300503580095209e-07, 1.301724089869258e-06, 3.014886964620142e-06, -7.208271558392501e-07, -1.897282902840796e-06, -1.464342410574882e-06, 0.0002553368252960775, -3.734411526997677e-05, 3.466618076102412e-06, -8.009648265900745e-06, -1.547909048515492e-05, -5.932321213173682e-06, -1.282334040507753e-06, -1.466224110358658e-05, -1.317466232920834e-05, 8.640179536550749e-06, 8.218635668432822e-06, -4.819366454582846e-06, -4.526693108750352e-06, -1.346276789398072e-06, 2.581546519239771e-06, -1.093563234889326e-06, 2.476086128120955e-07, 3.858413028392302e-06, -1.728571844481251e-06, -1.956046260169069e-06, 0.01552432334966151, -0.0002138617642741839, 0.003060056353094688, -0.00132000731354178, -0.001773195933538524, 0.0002942462912392184, 0.001492096083744974, -0.0001613239944360659, -0.0004812739164616708, -3.554935622772434e-05, 0.0002126917682221822, -9.440327068307258e-05, -0.0001146360798745887, 1.932644695328997e-05, -9.725265365007188e-05, 7.723202024762649e-05, 4.176787432947339e-05, 0.0001240098700024582, 1.72124471913236e-05, 1.098240172634091e-05, 6.462025240040426e-05, -0.0006104049320622226, -0.0004491546215162079, -5.87068218625039e-05, -0.0001221392836987638, 0.000774742080620911, 0.0003682758111297278, 0.000228613227071172, -0.0001559114362083665, -0.0001805987369170003, -0.0001257834597800831, -3.20858146648581e-05, -9.536317989813869e-05, -6.309810476435026e-05, -0.0001037239315075097, 7.452326496077881e-05, 3.274098615551128e-06, 2.354846131365556e-06, -4.382631674916199e-06, -1.832327083158637e-05, 0.2796815077248683, -0.01140959089889201, -0.005511285571907392, 0.01012692660738763, -0.000271156195183409, -0.003476911818287851, -0.007222989777035996, -0.01365117061909503, -0.01309894500008405, 0.005628485678705782, 0.004481405540789469, -0.002304524457719109, -0.001778807659209603, -0.00030844782923973, 0.0004714121783823068, 0.0004131591666869015, 0.0003370096541671818, 0.001418341516925167, -0.0004619478651370601, -0.0002431192084520382, -0.001046405040520412, 0.0002486516722730567, 0.002018307009006001, 0.001413219739932202, -0.000472768826333172, -0.0005093527762911442, -0.001731239185400036, 0.000106031873346883, -0.0007512150774536363, 5.705591581885477e-05, 0.0002058821202459355, 9.187135470781605e-05, 7.108939848099848e-06, 9.421476958453063e-05, -5.952295681871945e-05, -3.559819837992275e-05, -3.177290814536668e-05, 2.415327137154118e-06, 1.131512367027271e-05, -4.621525741636994e-06, -0.005038468562422403, -0.0001878648615760518, -0.001487231434068759, -0.000613584370757784, 0.0006039449336767074, -0.0004093671248683798, -0.001336419672250689, -0.0005324534826344673, 0.0002387815281510133, 8.684091942212368e-05, -0.000124780936962276, 2.377534401236073e-05, 5.408072613567464e-05, 2.428070853631068e-05, 5.860354531146304e-05, -4.957926641707651e-05, -6.259923889037077e-06, -6.939804015274065e-05, -3.799822075640353e-06, -4.289960823982618e-06, 0.003563777576623038, 0.000145695181667123, 0.0001258556117952574, -0.0005954027653469077, -0.0007229718718793314, -0.0004258912525220468, 0.0004664721186602353, -5.045465897109422e-05, 0.0002222259979678086, 0.0001086932383170232, 1.141178178286794e-05, -4.428967684626276e-05, -2.400836325199891e-05, -3.346821240310502e-05, 2.517258268500443e-05, 1.77901203135316e-05, 1.129562143749173e-05, 5.182099326478621e-06, 5.137127180208141e-06, 3.263558159463601e-06, 0.004355977652221147, 0.0001050242260146853, 1.129276835007362e-05, -0.001386814634058736, -0.001446895271483139, 0.0006630490843129754, -0.0006281559640163208, 8.793812775215893e-06, 0.0003932109801297244, 4.48275606227197e-05, -5.396589417979094e-05, -0.0001413265775168125, -7.140357530144106e-05, -7.31334116548168e-05, 3.530412959742247e-06, 5.169023525911153e-05, 3.916529730750915e-05, 9.054399867145427e-07, 1.129872148782094e-05, -8.637437288988879e-06, 0.003043231177571908, 0.0001428140146003224, -0.0008522408976411434, -0.0005270028619111285, -0.0007956742546778838, -0.0004760229182966623, 0.0005353801694473288, -0.0008743670442530754, -0.0002271728457314152, 0.0004326577820850107, 0.0001686855383868496, 4.650565148576539e-05, 0.0001298057288513091, 0.0001015928643125975, 0.0001380954699108132, -8.873709132168314e-05, -1.732494848873986e-05, -5.969907117419448e-07, -1.32194593975724e-05, 1.723877291860681e-05, -0.002658766065379002, -0.0001433822517356179, -0.001064003081600649, -0.0004377486644029948, 0.0003003428686169719, 0.0002064036882229463, 8.125559764190194e-05, -9.500238506030548e-05, 0.0002798036093442645, -3.298900852426703e-05, -0.0002364821537763017, 1.178100514335942e-05, 7.260178671079379e-05, -4.242028429757587e-06, 8.11237383750212e-06, -7.91372234137392e-06, 1.278993046686299e-05, -4.281731202334154e-05, 2.164696151182491e-08, -1.190744861130448e-06, 0.000913590742408739, -0.0002676124485935291, 0.0002090910145483039, 0.0006086594601107187, 0.000125739109474692, 0.0002606925968334354, -0.0002893065586298305, 0.0002660913864380384, -0.0002782477210411588, -0.0003652632261780488, -2.416115295264828e-05, 9.008779871903143e-05, -4.178322435135873e-05, -1.618963625613217e-05, -7.94630695171806e-05, 3.645756872611792e-05, 2.162419423386988e-05, 1.79897981403078e-07, 1.020231372110302e-05, -1.010256933993912e-05, 0.001331235717403595, -8.409398293636535e-05, 0.000238823481337638, 6.44964306798892e-05, -0.0001808042886670284, 0.0001647084532343056, 0.0001030345932375193, 3.386819599180533e-05, -0.0002338884592975302, -4.571059663423324e-05, 3.292979006150486e-05, -6.867608032254951e-06, -2.492328641502951e-05, -1.073322004144627e-05, -3.856435986492514e-05, 2.63456240471444e-05, 6.338810711971479e-06, -1.713575502305133e-07, 4.214979883482335e-06, -7.182742052041358e-06, -0.0007731025626865783, -5.014851485791481e-05, 2.650104553690623e-05, 0.0001547367679265057, 0.0001280331109215738, 7.937815499193572e-05, -0.0001817174351776088, 0.0001475552280692407, 3.85825172011179e-05, -6.183299870333718e-05, -3.73128080388785e-05, -1.470410442930562e-05, -3.541611919887514e-05, -2.561630644915121e-05, -2.555002324496661e-05, 1.409505268533947e-05, 6.414393612894549e-06, -3.318247595600168e-06, 3.982711432976008e-06, -5.754473451973043e-06, -0.001127716429670382, -1.777684705240078e-05, 2.195612727885385e-05, 7.331800363014686e-05, 0.0001141700765763103, 9.602307019497272e-05, -0.0001017343230916708, 0.0001622577735501041, 8.395425015697105e-05, -6.247421361081366e-05, -1.666349653518082e-05, -2.141036322475481e-05, -5.636315038928158e-05, -2.982263805517091e-05, -1.780294612963085e-05, 1.994641744139697e-05, 1.602368968421574e-06, 6.594525314009389e-07, 4.299019826382015e-07, -2.768543893177317e-06, -0.000145171444349007, -4.961167398133251e-05, 6.981681083249069e-05, 0.0001380520488332479, 7.092298965700531e-05, 2.466993406435707e-05, -0.0001039933017424071, 5.655370480827614e-05, 6.948400233032832e-06, -1.796828944845211e-05, -1.105977231810825e-05, -1.703567774586045e-05, -2.23964521460933e-05, -1.778411281737925e-05, -1.438397944715874e-05, 1.292968893553624e-05, -1.085285106921211e-07, 6.487147104120628e-06, 8.183333605064774e-08, -1.688225354523076e-06, -0.0006509821219496213, 1.962684575010741e-05, -2.922709588118089e-05, -5.145795094755279e-05, 4.266570988879649e-05, 5.047808510880087e-05, -3.053130968703208e-07, 4.205493228592724e-05, 4.624218031565515e-05, -3.812260951212225e-05, -3.428831345706242e-05, 6.881951779617698e-06, 8.179520711020942e-06, -4.298339589873172e-06, -1.218047227719792e-05, 3.480456014656162e-07, 4.014658178264536e-06, -1.45428405260788e-05, 6.36929636266486e-06, -3.845045669882834e-06, -0.0004850926721215891, 6.763674200209723e-05, -1.587463091889368e-05, -0.0001080127389224697, -6.636514301691902e-05, -1.49380174638401e-05, 0.0001054944505529721, 4.631347119975661e-06, 3.274583668634525e-05, 6.234487736082274e-06, 2.796667634204652e-06, 1.333176514345335e-05, 1.938698440948405e-05, 2.662980540310991e-06, 1.043418893320052e-05, -2.249121987196819e-06, -6.789819008508444e-06, -1.666572622578055e-06, 2.310284868110731e-06, 5.218381225864566e-06, 0.000108313125875573, 1.312825205071486e-05, -3.54167850208005e-05, -2.378235971481458e-05, -2.235316820843826e-05, -4.660043547386651e-05, 3.058867806926457e-05, -4.247984070282461e-06, -7.553082516129209e-06, 2.334689007434956e-05, 2.836950759357547e-05, 1.653612160357609e-06, 5.542375217916237e-06, 2.908410727130603e-06, 2.16925690956309e-05, -5.243157151835719e-06, -1.044202514166245e-05, 1.145951498470191e-05, -4.031312003404462e-06, 5.331302752552689e-06, 0.0007895308117914768, -7.568096956506756e-05, 1.077134540828813e-05, 4.375723860336178e-05, -2.612275938767564e-05, -1.37457169145434e-06, -4.88028598363164e-05, -6.988730946416507e-05, -7.070244241626854e-05, 7.986118554944942e-06, 4.258010910076757e-06, -8.020309898767078e-06, -5.129658532019534e-06, 1.008444482478221e-05, -9.939875238584983e-06, -7.627992190183503e-06, 1.398241984582016e-05, -5.933729719293435e-07, -3.39984954757483e-07, -6.002235991140583e-06, 9.960335892235026e-05, -2.366611661094707e-06, 5.328026966197699e-06, 2.983379047454664e-05, -7.343679916159022e-06, 1.459756152442147e-06, 1.213452142912792e-05, 6.260269622993667e-06, -1.524585415317289e-05, 5.009708480644728e-06, 1.080910901787343e-05, 4.47336494458011e-07, -2.484246341379564e-06, 8.252982059838374e-07, 2.005321959322484e-06, 1.512495131391617e-06, -4.597626452399988e-06, 5.423658963743064e-06, -3.962853391030845e-06, 2.824939042534167e-06, -0.000452958904162184, 3.09138310425974e-06, 1.072722131416258e-05, 1.18018643257845e-06, 1.606284414822984e-05, 2.194855406203791e-05, -1.039818184588508e-05, 8.581116253647567e-06, 1.900578547485531e-05, -1.040580522574884e-05, -1.884141980359718e-05, -1.475850124065632e-06, 2.852993852540976e-06, -2.50575747099896e-06, -9.256998039721889e-06, 7.050476011556623e-06, 1.65710212450736e-06, -4.98842829729391e-06, 3.857913362027772e-06, -4.486862811780887e-06, -0.01773115018647699, 0.0005907995540445968, -0.00132000731354178, 0.006198845000258993, 0.0009362569263405075, 0.0003981717978749217, -0.001954159547791108, 0.001364718993336305, -0.001291008138369403, -0.0003504419729740681, 0.0003642066788168506, 0.0003567068523803996, 2.871752751630758e-05, 1.630256442568751e-05, -0.0001702204440267351, -1.104569039633683e-05, -0.0001431137235994914, -3.433485769645207e-05, -2.388964474384664e-05, -3.449348252896158e-05, 0.001940165229881445, 0.0001666555536210869, 0.0001051810374486181, -0.000587898909463656, -0.0002125659369769959, -0.0002659018581711399, 9.690889078400584e-05, -0.0001655573780489712, 0.0001331656457319347, 0.0001041451891367184, 7.15168857618356e-05, 1.407586221046024e-06, 2.591641178126149e-05, 1.162142101097335e-05, 4.842861698400037e-05, -2.108425173395669e-05, -3.619269350627857e-06, 3.089005622135277e-06, 2.780867571256415e-06, 8.559813576878358e-06, -0.001046405040520412, 0.0002486516722730567, 0.002018307009006001, 0.001413219739932202, -0.000472768826333172, -0.0005093527762911442, -0.001731239185400036, 0.000106031873346883, -0.0007512150774536363, 5.705591581885477e-05, 0.0002058821202459355, 9.187135470781605e-05, 7.108939848099848e-06, 9.421476958453063e-05, -5.952295681871945e-05, -3.559819837992275e-05, -3.177290814536668e-05, 2.415327137154118e-06, 1.131512367027271e-05, -4.621525741636994e-06, 0.2889859855637251, -0.01148488513662573, -0.001364419001263895, 0.007632621598861709, 0.001413449820602885, -0.005699562007201321, -0.007727025813000854, -0.01421917311201602, -0.01192875017140851, 0.005686267341203214, 0.004476207671785661, -0.002516529537460996, -0.001916385735555524, -0.0004287793428925231, 0.000603223392089398, 0.0004146350269813384, 0.0004142733479355847, 0.001385038787073823, -0.0004546728701849742, -0.0002597769090988468, 2.108910955666792e-05, 0.0002069276221781961, -0.000676553818471158, 0.0002796650539805618, 0.0002748877800485061, -0.0007912152487948825, 0.000734308430560975, -0.0003819218844827935, -9.036671077081844e-05, 0.0001712404745734663, 4.289154044486631e-05, 2.924036130981274e-05, 7.612860509571522e-05, 4.02266223225048e-05, 5.656759560522085e-05, -3.460068918356932e-05, -1.102729477385247e-05, -1.030756773491745e-05, -5.754162288828177e-07, 1.517910817900989e-05, 0.0009138868712350585, -0.0002098240735109286, -0.000813761029738776, -0.001728645751671053, -0.00124329886784544, 0.00174026119286721, -0.001495516577255676, -0.000117176095038704, 0.0003881569606843371, 4.504721521068907e-05, -0.0001702280963092253, -0.0001446230144941042, -5.241787334741687e-05, -5.911938521024594e-05, -1.050383658959253e-06, 3.032419731292376e-05, 4.186512822597528e-05, -3.453470083464518e-05, 3.435663388510094e-06, -2.703591082647016e-05, -0.003851230773351137, 9.441031442583862e-05, -0.001484630721461713, -0.000381111211290728, 0.0008643956158059305, -0.0011168525938137, 0.0008201453988457523, -0.0005122780956408741, 9.201808012310928e-05, 0.0001257937886302991, 1.300171205575422e-05, 5.109770678571305e-05, 0.000102588404490873, 5.42461532029762e-05, 8.670256539527552e-05, -6.544140997426893e-05, -2.192879975069514e-05, -4.880961217495975e-05, -7.357907193917351e-06, 1.038969602108344e-05, 0.004067311308942631, -0.0001677598107411263, 0.0003307229229233836, -0.001478806062010415, -0.0003286577980259073, 7.053080787176554e-05, 0.0001258794767494883, -0.0003063863733053204, 0.0003015657827177895, 2.20670213123613